
###### K1, K2 e Ks ######
K1(1): 14.491893333333337
K1(2): 15.216488000000007
K1(3): 15.28441875
K1(4): 15.508093170731705
K1(5): 14.955215884615384
K1 Médio: 15.091221827736087

K2(1): 15.04927384615385
K2(2): 16.303379999999997
K2(3): 15.777464516129026
K2(4): 15.895795500000004
K2(5): 15.399430217821783
K2 Médio: 15.68506881602093

Ks(1): 7.985328979591831
Ks(2): 7.9621158139534876
Ks(3): 7.952868292682924
Ks(4): 7.947897749999999
Ks(5): 7.855264909090909
Ks Médio: 7.94069514906383

KsExperimental(1): 7.382662641509436
KsExperimental(2): 7.870597241379312
KsExperimental(3): 7.763514285714285
KsExperimental(4): 7.8497755555555555
KsExperimental(5): 7.5870363512195125
Ks Previsto Médio: 7.690717215075621

- (K1, K2, K3) média ponderada em relação a a cada um
K1, média Ponderada: 15.158857714528025 +/- 0.005239674095429966
K2, média Ponderada: 15.690854941700604 +/- 0.005007427916848247
Ks Experimental, média Ponderada: 7.9164983110696205 +/- 6.182744127575217E-4
Ks Previsto, média Ponderada: 7.690717215075621 +/- 0.007247656101716678

Os Valores não são compátiveis e seu valor K é: 31.03955496377568

Process finished with exit code 0
