########### K1, K2 e K3 ###########
K1(0): NaN
K1(1): 14.491893333333337
K1(2): 15.216488000000007
K1(3): 15.28441875
K1(4): 15.508093170731705
K1(5): 14.955215884615384

K2(0): NaN
K2(1): 15.04927384615385
K2(2): 16.303379999999997
K2(3): 15.777464516129026
K2(4): 15.895795500000004
K2(5): 15.399430217821783

K3(0): NaN
K3(1): 7.985328979591831
K3(2): 7.9621158139534876
K3(3): 7.952868292682924
K3(4): 7.947897749999999
K3(5): 7.855264909090909

########### Ks Previsto e k_s Real ###########

KsExperimental(0): NaN
KsExperimental(1): 0.1354524849039483
KsExperimental(2): 0.12705516104197848
KsExperimental(3): 0.1288076460218679
KsExperimental(4): 0.1273921773842649
KsExperimental(5): 0.13180377076211897

KsReal(0): NaN
KsReal(1): 0.12522965585459384
KsReal(2): 0.12559475689207072
KsReal(3): 0.12574079730706153
KsReal(4): 0.125819434453595
KsReal(5): 0.12730315419951002